0 0.3078125 0.81640625 0.1265625 0.1859375
0 0.4328125 0.87734375 0.115625 0.2296875
0 0.50078125 0.97421875 0.05625 0.0515625
0 0.5578125 0.86640625 0.09453125 0.228125
0 0.525 0.75859375 0.11953125 0.22265625
0 0.57109375 0.58984375 0.15234375 0.2015625
0 0.5609375 0.53515625 0.1890625 0.17890625
0 0.671875 0.53828125 0.134375 0.1734375
0 0.7578125 0.43828125 0.15234375 0.15625
0 0.6390625 0.34296875 0.065625 0.134375
0 0.70859375 0.25859375 0.09921875 0.11328125
0 0.81015625 0.1765625 0.07421875 0.078125
0 0.6796875 0.1015625 0.16484375 0.19140625
0 0.58359375 0.0703125 0.12265625 0.1359375
0 0.56796875 0.35078125 0.0796875 0.13828125
0 0.39609375 0.4796875 0.10859375 0.1359375
0 0.271875 0.6359375 0.07109375 0.13125
0 0.2203125 0.72109375 0.1171875 0.16328125
0 0.3625 0.6390625 0.1046875 0.11484375
0 0.221875 0.525 0.13828125 0.15390625
0 0.13671875 0.50625 0.1296875 0.1359375
0 0.15 0.59140625 0.10703125 0.15625
0 0.09140625 0.80859375 0.12578125 0.15625
0 0.12421875 0.93828125 0.14140625 0.1234375
0 0.24140625 0.915625 0.0984375 0.16875
0 0.03515625 0.6828125 0.0703125 0.159375
0 0.32578125 0.45078125 0.0859375 0.134375
0 0.24921875 0.46171875 0.1390625 0.14140625
0 0.184375 0.21484375 0.165625 0.14140625
0 0.5140625 0.25 0.0765625 0.11328125