0 0.30234375 0.246875 0.134375 0.175
0 0.29296875 0.4109375 0.14375 0.18359375
0 0.2109375 0.52890625 0.178125 0.25703125
0 0.12109375 0.603125 0.15625 0.1890625
0 0.1046875 0.746875 0.1921875 0.22109375
0 0.41640625 0.6875 0.16953125 0.228125
0 0.4578125 0.58828125 0.1578125 0.2078125
0 0.48671875 0.54296875 0.12265625 0.171875
0 0.490625 0.4734375 0.13515625 0.14765625
0 0.503125 0.40390625 0.1890625 0.23515625
0 0.6484375 0.3953125 0.12578125 0.18515625
0 0.7609375 0.415625 0.1265625 0.1875
0 0.70234375 0.546875 0.075 0.140625
0 0.5359375 0.79296875 0.06328125 0.18046875
0 0.578125 0.71640625 0.04609375 0.1203125
0 0.7234375 0.7984375 0.07890625 0.19765625
0 0.5140625 0.9296875 0.20859375 0.13984375
0 0.2640625 0.8859375 0.25859375 0.228125
0 0.8234375 0.25234375 0.040625 0.10703125
0 0.7140625 0.21796875 0.11953125 0.14609375
0 0.60859375 0.18046875 0.09296875 0.13359375
0 0.4671875 0.16328125 0.11484375 0.10859375
0 0.653125 0.12109375 0.1015625 0.13359375
0 0.78046875 0.1640625 0.0984375 0.14453125
0 0.871875 0.0765625 0.10390625 0.153125