0 0.1296875 0.71328125 0.10078125 0.2125
0 0.03515625 0.68359375 0.06484375 0.18125
0 0.05390625 0.5703125 0.09765625 0.1703125
0 0.0671875 0.46640625 0.08671875 0.11328125
0 0.12421875 0.440625 0.06328125 0.1484375
0 0.09921875 0.3921875 0.06640625 0.12578125
0 0.184375 0.40078125 0.0640625 0.10390625
0 0.23359375 0.45390625 0.06640625 0.121875
0 0.1609375 0.5828125 0.09296875 0.175
0 0.1109375 0.86953125 0.1453125 0.2359375
0 0.28359375 0.90078125 0.1234375 0.1984375
0 0.2609375 0.75859375 0.13125 0.25078125
0 0.2859375 0.62578125 0.09296875 0.1703125
0 0.27421875 0.51328125 0.075 0.14296875
0 0.346875 0.4953125 0.08828125 0.1375
0 0.37421875 0.58125 0.0875 0.15078125
0 0.40703125 0.6515625 0.0875 0.1734375
0 0.41328125 0.8140625 0.0984375 0.1984375
0 0.440625 0.9125 0.11640625 0.175
0 0.515625 0.86875 0.03671875 0.11796875
0 0.54609375 0.93125 0.03828125 0.1375
0 0.53828125 0.709375 0.0984375 0.225
0 0.50703125 0.63203125 0.0984375 0.18046875
0 0.47578125 0.559375 0.09765625 0.1859375
0 0.56015625 0.53125 0.10078125 0.18125
0 0.7515625 0.68671875 0.3234375 0.5875
0 0.58515625 0.36171875 0.2328125 0.26796875
0 0.82109375 0.4328125 0.20703125 0.3328125
0 0.92421875 0.42265625 0.1515625 0.36484375
0 0.6078125 0.1765625 0.090625 0.16171875
0 0.46953125 0.19453125 0.1109375 0.16640625
0 0.39921875 0.1296875 0.07109375 0.11484375
0 0.4046875 0.421875 0.0828125 0.146875
0 0.321875 0.42109375 0.06171875 0.05078125
0 0.14765625 0.3015625 0.0984375 0.121875
0 0.2375 0.3125 0.0453125 0.075
0 0.26640625 0.22578125 0.05234375 0.06796875
0 0.325 0.22421875 0.040625 0.05390625
0 0.3828125 0.225 0.0515625 0.096875
0 0.74765625 0.14140625 0.08828125 0.071875
0 0.5015625 0.07734375 0.0296875 0.046875
0 0.35078125 0.09765625 0.05625 0.11484375
0 0.3046875 0.12890625 0.03125 0.05234375
0 0.1140625 0.0953125 0.05625 0.075
0 0.0609375 0.09375 0.028125 0.0484375
0 0.9546875 0.63046875 0.090625 0.1671875
0 0.6609375 0.9328125 0.165625 0.134375
0 0.5484375 0.15625 0.04375 0.05390625