0 0.184375 0.41640625 0.22890625 0.33828125
0 0.4109375 0.47109375 0.1953125 0.25078125
0 0.33984375 0.90390625 0.10859375 0.1578125
0 0.33984375 0.6078125 0.13515625 0.1578125
0 0.4828125 0.73671875 0.14375 0.19296875
0 0.45390625 0.58828125 0.08828125 0.1328125
0 0.5140625 0.634375 0.11015625 0.15546875
0 0.7984375 0.54375 0.27734375 0.296875
0 0.65390625 0.4015625 0.20078125 0.27578125
0 0.571875 0.7875 0.0828125 0.159375
0 0.6328125 0.8234375 0.11015625 0.19375
0 0.7953125 0.94140625 0.15078125 0.1171875
0 0.8921875 0.81171875 0.13828125 0.21875
0 0.20390625 0.14296875 0.19765625 0.24140625
0 0.04921875 0.30703125 0.09296875 0.121875
0 0.884375 0.3546875 0.221875 0.1734375