0 0.20859375 0.75703125 0.1671875 0.215625
0 0.1890625 0.6140625 0.128125 0.221875
0 0.4734375 0.66640625 0.13359375 0.20625
0 0.6125 0.74765625 0.17109375 0.26171875
0 0.78125 0.85546875 0.0796875 0.1390625
0 0.68984375 0.64765625 0.046875 0.11796875
0 0.590625 0.51171875 0.0546875 0.10625
0 0.3890625 0.640625 0.0578125 0.12578125
0 0.278125 0.428125 0.1171875 0.16328125
0 0.39375 0.51484375 0.1171875 0.2
0 0.80625 0.459375 0.1078125 0.1796875
0 0.6875 0.36171875 0.07890625 0.1359375
0 0.52890625 0.4296875 0.028125 0.06328125
0 0.51640625 0.51015625 0.0234375 0.07578125
0 0.54296875 0.584375 0.03046875 0.08828125
0 0.69140625 0.41875 0.040625 0.10703125
0 0.35546875 0.37265625 0.0296875 0.0640625
0 0.33515625 0.43203125 0.02734375 0.075
0 0.6 0.22265625 0.13046875 0.1859375
0 0.60234375 0.3453125 0.03046875 0.05859375
0 0.6625 0.27578125 0.07734375 0.10625
0 0.4828125 0.22265625 0.0609375 0.10234375
0 0.4734375 0.13046875 0.053125 0.08203125
0 0.4171875 0.91328125 0.184375 0.1734375