0 0.62421875 0.65625 0.25703125 0.6875
0 0.38828125 0.84765625 0.14609375 0.30390625
0 0.19296875 0.834375 0.15703125 0.33046875
0 0.3171875 0.68203125 0.13203125 0.3234375
0 0.41796875 0.36796875 0.18046875 0.4859375
0 0.415625 0.69375 0.0484375 0.109375
0 0.02265625 0.85625 0.0375 0.14453125
0 0.1078125 0.634375 0.08828125 0.26796875
0 0.234375 0.3734375 0.0984375 0.175
0 0.128125 0.34921875 0.0890625 0.17890625
0 0.065625 0.165625 0.059375 0.14453125
0 0.08671875 0.25390625 0.01875 0.10625
0 0.0203125 0.1984375 0.03984375 0.153125
0 0.140625 0.234375 0.0765625 0.128125
0 0.203125 0.21328125 0.0796875 0.153125
0 0.29375 0.2015625 0.08046875 0.16015625
0 0.82421875 0.21640625 0.1015625 0.19921875
0 0.5828125 0.24296875 0.15859375 0.34765625
0 0.17890625 0.11328125 0.08203125 0.13125
0 0.084375 0.071875 0.07421875 0.10234375
0 0.10703125 0.12890625 0.021875 0.06171875
0 0.2375 0.08359375 0.01640625 0.07890625
0 0.93125 0.34921875 0.0296875 0.11796875
0 0.95546875 0.3203125 0.03125 0.09609375
0 0.23671875 0.565625 0.11015625 0.25
0 0.0578125 0.44921875 0.0953125 0.3