0 0.09296875 0.73046875 0.1515625 0.2015625
0 0.12734375 0.63203125 0.14609375 0.175
0 0.11328125 0.5578125 0.15390625 0.22109375
0 0.15078125 0.33203125 0.22890625 0.3015625
0 0.40703125 0.37265625 0.44140625 0.32109375
0 0.746875 0.321875 0.37421875 0.265625
0 0.57578125 0.52578125 0.05390625 0.19140625
0 0.453125 0.5125 0.10390625 0.20546875
0 0.50078125 0.625 0.1203125 0.2
0 0.45546875 0.88671875 0.190625 0.22578125
0 0.70625 0.64765625 0.07890625 0.16640625
0 0.7625 0.6203125 0.15078125 0.17109375
0 0.734375 0.57421875 0.1734375 0.1734375
0 0.74296875 0.51796875 0.15390625 0.13359375
0 0.72734375 0.46171875 0.15625 0.1265625
0 0.86640625 0.43046875 0.153125 0.1609375
0 0.76953125 0.3984375 0.12421875 0.13046875
0 0.6328125 0.40703125 0.17890625 0.109375
0 0.43984375 0.16484375 0.1265625 0.1234375
0 0.69609375 0.19375 0.15625 0.10546875
0 0.15078125 0.14921875 0.115625 0.09453125