0 0.5859375 0.7984375 0.16171875 0.4
0 0.175 0.68359375 0.35 0.6328125
0 0.39296875 0.6390625 0.1125 0.28984375
0 0.6953125 0.584375 0.11875 0.35546875
0 0.56328125 0.3703125 0.153125 0.33828125
0 0.84921875 0.3078125 0.146875 0.175
0 0.28515625 0.46015625 0.21953125 0.3125
0 0.45625 0.35625 0.140625 0.23125
0 0.0859375 0.35078125 0.171875 0.1953125
0 0.31953125 0.29296875 0.12265625 0.146875
0 0.4203125 0.2828125 0.1109375 0.12890625
0 0.51796875 0.2078125 0.053125 0.075
0 0.94765625 0.2328125 0.07890625 0.11640625