0 0.73671875 0.4 0.03046875 0.046875
0 0.7734375 0.4484375 0.0421875 0.05390625
0 0.86328125 0.51484375 0.0671875 0.09453125
0 0.77734375 0.584375 0.06484375 0.1109375
0 0.70546875 0.5578125 0.0640625 0.1140625
0 0.73046875 0.68125 0.07734375 0.1296875
0 0.71484375 0.79921875 0.0953125 0.16484375
0 0.8390625 0.77421875 0.11953125 0.16484375
0 0.8046875 0.9203125 0.1125 0.159375
0 0.54140625 0.67421875 0.08046875 0.11953125
0 0.65859375 0.65859375 0.0828125 0.1140625
0 0.59140625 0.60078125 0.084375 0.12578125
0 0.7078125 0.46875 0.04453125 0.09453125
0 0.6671875 0.4515625 0.07109375 0.075
0 0.89453125 0.396875 0.0484375 0.05703125
0 0.8640625 0.43125 0.05078125 0.06328125
0 0.38203125 0.57109375 0.07890625 0.0953125
0 0.34609375 0.696875 0.10234375 0.1515625
0 0.2796875 0.77578125 0.11640625 0.1234375
0 0.5078125 0.89296875 0.15390625 0.21328125
0 0.65625 0.92734375 0.0984375 0.14453125
0 0.3734375 0.88984375 0.10625 0.2203125
0 0.215625 0.85390625 0.12890625 0.16796875
0 0.23203125 0.9640625 0.140625 0.07109375
0 0.0796875 0.91640625 0.159375 0.1671875
0 0.546875 0.559375 0.06640625 0.121875
0 0.61015625 0.48828125 0.04609375 0.0546875
0 0.43203125 0.5265625 0.06171875 0.07109375
0 0.490625 0.63125 0.06328125 0.0921875
0 0.4859375 0.509375 0.046875 0.06796875
0 0.2609375 0.66328125 0.07734375 0.08671875
0 0.1921875 0.72578125 0.08046875 0.103125
0 0.6171875 0.40390625 0.03359375 0.034375
0 0.6015625 0.45234375 0.04296875 0.02890625
0 0.54609375 0.453125 0.04921875 0.04921875
0 0.9859375 0.3671875 0.02734375 0.0625
0 0.97421875 0.34375 0.03828125 0.0375
0 0.96328125 0.31328125 0.0359375 0.034375