0 0.2125 0.44609375 0.1546875 0.2859375
0 0.1546875 0.80078125 0.22421875 0.36640625
0 0.45625 0.7953125 0.2203125 0.328125
0 0.40546875 0.5 0.17734375 0.29921875
0 0.35 0.3375 0.11015625 0.1890625
0 0.3421875 0.14609375 0.12890625 0.21875
0 0.06484375 0.3640625 0.11484375 0.21875
0 0.1546875 0.1453125 0.11484375 0.2109375
0 0.2609375 0.075 0.10234375 0.1265625
0 0.46171875 0.0796875 0.0875 0.071875
0 0.47109375 0.15703125 0.13046875 0.1671875
0 0.52421875 0.2515625 0.11796875 0.215625
0 0.55859375 0.3921875 0.15 0.2125
0 0.67421875 0.62890625 0.15703125 0.2859375
0 0.86796875 0.63125 0.2140625 0.27421875
0 0.8015625 0.89140625 0.26640625 0.2171875
0 0.75703125 0.4359375 0.19921875 0.2359375
0 0.91953125 0.4171875 0.1609375 0.28125
0 0.8046875 0.26875 0.12265625 0.16171875
0 0.76796875 0.1765625 0.09921875 0.1484375
0 0.6734375 0.22734375 0.1703125 0.196875
0 0.58671875 0.14296875 0.06796875 0.15234375
0 0.63046875 0.059375 0.10234375 0.11875
0 0.9078125 0.14921875 0.18359375 0.26953125
0 0.028125 0.184375 0.05625 0.1703125
0 0.74765625 0.096875 0.02109375 0.05859375
0 0.721875 0.02734375 0.025 0.053125
0 0.3890625 0.06015625 0.103125 0.1203125