0 0.434375 0.33984375 0.11171875 0.17421875
0 0.29765625 0.52421875 0.12421875 0.1953125
0 0.20234375 0.76875 0.15 0.28984375
0 0.39140625 0.83671875 0.178125 0.25390625
0 0.59453125 0.8515625 0.15234375 0.23828125
0 0.4125 0.66875 0.16796875 0.209375
0 0.05625 0.79765625 0.1125 0.2671875
0 0.0703125 0.58671875 0.07109375 0.1078125
0 0.7328125 0.78515625 0.06875 0.13984375
0 0.715625 0.515625 0.08515625 0.165625
0 0.60234375 0.4046875 0.05703125 0.12421875
0 0.678125 0.434375 0.04375 0.0953125
0 0.7421875 0.37421875 0.09453125 0.13359375
0 0.70859375 0.246875 0.0984375 0.11953125
0 0.6234375 0.27421875 0.06796875 0.11640625
0 0.57265625 0.334375 0.11328125 0.12421875
0 0.80390625 0.24453125 0.08828125 0.10078125
0 0.87421875 0.35546875 0.09921875 0.125
0 0.959375 0.253125 0.08046875 0.0984375
0 0.32109375 0.1703125 0.1125 0.0984375
0 0.521875 0.49453125 0.11015625 0.12109375