0 0.23046875 0.89921875 0.15078125 0.090625
0 0.49296875 0.7640625 0.08828125 0.09609375
0 0.64296875 0.7546875 0.0921875 0.0859375
0 0.42578125 0.65390625 0.09453125 0.09453125
0 0.4984375 0.7 0.08828125 0.059375
0 0.421875 0.58125 0.071875 0.0859375
0 0.47109375 0.59765625 0.071875 0.0765625
0 0.5109375 0.55859375 0.075 0.078125
0 0.6140625 0.6140625 0.08125 0.075
0 0.1890625 0.5796875 0.071875 0.0765625
0 0.35546875 0.5625 0.071875 0.03671875
0 0.33125 0.540625 0.0828125 0.0734375
0 0.33515625 0.50234375 0.0484375 0.05078125
0 0.39765625 0.478125 0.0640625 0.04921875
0 0.33671875 0.4625 0.05625 0.046875
0 0.51171875 0.50234375 0.065625 0.0453125
0 0.47890625 0.46015625 0.02578125 0.03671875
0 0.4015625 0.4734375 0.06796875 0.0609375
0 0.42890625 0.4375 0.065625 0.04765625
0 0.44609375 0.41640625 0.0546875 0.04921875
0 0.4671875 0.3390625 0.0296875 0.03671875
0 0.5046875 0.34375 0.046875 0.03359375
0 0.53515625 0.21796875 0.05078125 0.0296875
0 0.575 0.20703125 0.03203125 0.0234375
0 0.6140625 0.4015625 0.0515625 0.040625
0 0.6203125 0.4390625 0.02578125 0.02578125
0 0.54609375 0.49375 0.02109375 0.034375
0 0.57734375 0.42734375 0.046875 0.04921875
0 0.91875 0.94296875 0.128125 0.06640625
0 0.04921875 0.94921875 0.09765625 0.1015625
0 0.31484375 0.65 0.0234375 0.03359375
0 0.325 0.60546875 0.0296875 0.02421875
0 0.2921875 0.6203125 0.02109375 0.02578125
0 0.63515625 0.5140625 0.07734375 0.04453125
0 0.55625 0.29453125 0.0359375 0.0328125
0 0.58046875 0.30625 0.03125 0.0328125
0 0.54453125 0.18046875 0.04765625 0.03046875
0 0.39140625 0.39140625 0.04921875 0.0453125
0 0.41328125 0.35546875 0.03671875 0.0296875
0 0.365625 0.353125 0.04140625 0.0390625
0 0.4015625 0.315625 0.0328125 0.02578125