0 0.5078125 0.75078125 0.1296875 0.2125
0 0.446875 0.8546875 0.1421875 0.24375
0 0.48828125 0.9203125 0.18984375 0.159375
0 0.2859375 0.890625 0.16328125 0.21875
0 0.0875 0.896875 0.1171875 0.20546875
0 0.08828125 0.76953125 0.17578125 0.1890625
0 0.26015625 0.70703125 0.12734375 0.19296875
0 0.29140625 0.609375 0.13671875 0.16796875
0 0.37734375 0.5421875 0.115625 0.18046875
0 0.465625 0.50078125 0.09921875 0.11875
0 0.41796875 0.40078125 0.121875 0.146875
0 0.23828125 0.52109375 0.06796875 0.1484375
0 0.24453125 0.44921875 0.125 0.078125
0 0.25 0.3875 0.07421875 0.10625
0 0.24296875 0.3234375 0.11328125 0.10078125
0 0.13046875 0.32265625 0.11015625 0.11015625
0 0.115625 0.39609375 0.06484375 0.12578125
0 0.10078125 0.4625 0.084375 0.09609375
0 0.1078125 0.53515625 0.08671875 0.1171875
0 0.1125 0.625 0.1078125 0.146875
0 0.309375 0.2390625 0.0890625 0.1296875
0 0.39765625 0.21875 0.10703125 0.1203125
0 0.3796875 0.35234375 0.1234375 0.146875
0 0.240625 0.24140625 0.075 0.1015625
0 0.12421875 0.24609375 0.06953125 0.14140625
0 0.121875 0.1390625 0.09453125 0.121875
0 0.21328125 0.13515625 0.0671875 0.090625
0 0.36875 0.08046875 0.1359375 0.146875
0 0.28125 0.0578125 0.0671875 0.08828125
0 0.5625 0.0453125 0.065625 0.08828125
0 0.66484375 0.0453125 0.09921875 0.090625
0 0.76015625 0.03515625 0.1015625 0.0703125
0 0.8484375 0.14140625 0.09296875 0.134375
0 0.96875 0.20546875 0.06171875 0.134375
0 0.9796875 0.11015625 0.040625 0.09453125
0 0.765625 0.28359375 0.15546875 0.20859375
0 0.69375 0.153125 0.09375 0.12421875
0 0.8796875 0.4390625 0.134375 0.19453125