0 0.5375 0.30625 0.11484375 0.059375
0 0.45625 0.33984375 0.06015625 0.040625
0 0.44765625 0.38046875 0.07421875 0.04296875
0 0.49921875 0.3703125 0.06875 0.0453125
0 0.52578125 0.3625 0.05703125 0.03984375
0 0.55390625 0.35078125 0.05703125 0.0375
0 0.5671875 0.38359375 0.059375 0.04296875
0 0.625 0.3640625 0.0609375 0.04765625
0 0.51875 0.4203125 0.02578125 0.02734375
0 0.55859375 0.40625 0.03203125 0.03671875
0 0.60625 0.41171875 0.02265625 0.03671875
0 0.6515625 0.453125 0.09609375 0.0578125
0 0.5046875 0.4640625 0.10703125 0.06015625
0 0.44140625 0.43359375 0.08203125 0.05
0 0.31875 0.46875 0.1625 0.1265625
0 0.27421875 0.54453125 0.15234375 0.075
0 0.44921875 0.5640625 0.1109375 0.09765625
0 0.60078125 0.5546875 0.13828125 0.084375
0 0.771875 0.540625 0.134375 0.1171875
0 0.74296875 0.60859375 0.1296875 0.10703125
0 0.23359375 0.63125 0.1078125 0.1078125
0 0.296875 0.67109375 0.13671875 0.1328125
0 0.8140625 0.71796875 0.0671875 0.07265625
0 0.91875 0.83671875 0.11015625 0.096875
0 0.58984375 0.7859375 0.39140625 0.33203125
0 0.13515625 0.8984375 0.26953125 0.17734375