0 0.1484375 0.6265625 0.296875 0.634375
0 0.325 0.82890625 0.08515625 0.24296875
0 0.565625 0.84296875 0.2015625 0.2890625
0 0.7859375 0.840625 0.21953125 0.31796875
0 0.9078125 0.88984375 0.06015625 0.20390625
0 0.4921875 0.61484375 0.15703125 0.22109375
0 0.41484375 0.5640625 0.0578125 0.13359375
0 0.2921875 0.31328125 0.25 0.3921875
0 0.69140625 0.22578125 0.46171875 0.2078125
0 0.871875 0.32734375 0.25625 0.32734375
0 0.7078125 0.47265625 0.20625 0.33046875
0 0.64375 0.66796875 0.1671875 0.24140625
0 0.5625 0.3875 0.12578125 0.140625
0 0.43359375 0.4390625 0.1296875 0.1546875