0 0.61015625 0.56484375 0.08203125 0.15234375
0 0.55859375 0.45390625 0.0703125 0.15390625
0 0.5203125 0.3078125 0.04609375 0.103125
0 0.5921875 0.38515625 0.02890625 0.07421875
0 0.6265625 0.3859375 0.0296875 0.0625
0 0.5875 0.32578125 0.03203125 0.08125
0 0.71484375 0.5546875 0.09375 0.22734375
0 0.68671875 0.6921875 0.0953125 0.1828125
0 0.790625 0.58671875 0.04375 0.11328125
0 0.87265625 0.69609375 0.03125 0.0875
0 0.884375 0.82265625 0.1203125 0.21171875
0 0.528125 0.72578125 0.09375 0.17421875
0 0.42421875 0.784375 0.10390625 0.17578125
0 0.36484375 0.671875 0.06953125 0.1390625
0 0.2859375 0.8859375 0.05078125 0.11875
0 0.184375 0.721875 0.06328125 0.14765625
0 0.25 0.56171875 0.09296875 0.19296875
0 0.31015625 0.47734375 0.05625 0.10625
0 0.38046875 0.45625 0.0390625 0.10859375
0 0.40390625 0.4359375 0.04375 0.11484375
0 0.41875 0.3890625 0.04140625 0.08984375
0 0.4484375 0.54375 0.06484375 0.1609375
0 0.49296875 0.61640625 0.07109375 0.1390625
0 0.33828125 0.3375 0.03671875 0.09765625
0 0.2984375 0.34140625 0.04609375 0.11171875
0 0.334375 0.25703125 0.0484375 0.07265625
0 0.27265625 0.23984375 0.04296875 0.07578125
0 0.296875 0.2140625 0.02265625 0.05703125
0 0.4625 0.2453125 0.03203125 0.059375
0 0.43515625 0.26875 0.015625 0.03515625
0 0.46796875 0.31640625 0.01953125 0.05546875
0 0.24765625 0.171875 0.01875 0.0484375
0 0.21640625 0.15546875 0.01484375 0.0484375
0 0.19296875 0.140625 0.025 0.046875
0 0.37421875 0.178125 0.01875 0.04375
0 0.33984375 0.17265625 0.0140625 0.046875
0 0.0328125 0.50234375 0.04609375 0.09453125
0 0.03515625 0.37578125 0.028125 0.07265625