0 0.16953125 0.7140625 0.25234375 0.20234375
0 0.35078125 0.57265625 0.184375 0.14296875
0 0.240625 0.5078125 0.16484375 0.15546875
0 0.115625 0.48359375 0.1234375 0.10078125
0 0.2046875 0.4125 0.1203125 0.11875
0 0.3875 0.39453125 0.09375 0.06875
0 0.4421875 0.4171875 0.08125 0.0734375
0 0.409375 0.47421875 0.096875 0.11796875
0 0.63984375 0.7140625 0.19140625 0.23125
0 0.778125 0.5953125 0.159375 0.175
0 0.86796875 0.51953125 0.11875 0.13828125
0 0.634375 0.52890625 0.1109375 0.19375
0 0.73046875 0.50859375 0.11640625 0.12578125
0 0.71171875 0.40859375 0.06796875 0.0984375
0 0.64140625 0.41484375 0.1 0.15
0 0.8140625 0.42890625 0.071875 0.09140625
0 0.88125 0.4140625 0.11484375 0.11640625
0 0.9046875 0.3734375 0.05625 0.0859375
0 0.946875 0.52578125 0.05234375 0.084375
0 0.9609375 0.640625 0.04140625 0.12578125
0 0.9125 0.70546875 0.05 0.09375
0 0.8734375 0.75859375 0.06328125 0.08984375
0 0.75625 0.84140625 0.0703125 0.10546875
0 0.8234375 0.34375 0.08046875 0.06796875
0 0.75625 0.33828125 0.08984375 0.07890625
0 0.659375 0.32578125 0.1 0.07890625
0 0.425 0.32265625 0.0609375 0.05390625
0 0.32734375 0.340625 0.08828125 0.08984375
0 0.32421875 0.26875 0.1734375 0.1125
0 0.0890625 0.35078125 0.16796875 0.15078125
0 0.82265625 0.2671875 0.0984375 0.109375
0 0.93125 0.28984375 0.0625 0.05546875
0 0.97734375 0.34140625 0.0453125 0.0515625
0 0.98515625 0.4140625 0.02890625 0.09296875