0 0.5875 0.65390625 0.1265625 0.27734375
0 0.73359375 0.64140625 0.159375 0.253125
0 0.46328125 0.85078125 0.1640625 0.2984375
0 0.459375 0.60078125 0.128125 0.24140625
0 0.53359375 0.48046875 0.04453125 0.10546875
0 0.5640625 0.3765625 0.1015625 0.1859375
0 0.6421875 0.52890625 0.09609375 0.19765625
0 0.80859375 0.47734375 0.1296875 0.20234375
0 0.6890625 0.3484375 0.10703125 0.14453125
0 0.6984375 0.2734375 0.1265625 0.1328125
0 0.7859375 0.2515625 0.04140625 0.08671875
0 0.696875 0.20078125 0.02734375 0.071875
0 0.7 0.184375 0.05625 0.14296875
0 0.60546875 0.22265625 0.03046875 0.1125
0 0.596875 0.1625 0.08515625 0.134375
0 0.64453125 0.12109375 0.05234375 0.12421875
0 0.69296875 0.11015625 0.0234375 0.06640625
0 0.68046875 0.046875 0.04609375 0.0765625
0 0.62578125 0.02890625 0.03828125 0.0546875
0 0.909375 0.69765625 0.18125 0.60390625