0 0.42578125 0.5734375 0.16484375 0.1546875
0 0.34296875 0.7953125 0.2390625 0.25
0 0.11484375 0.8171875 0.2 0.2609375
0 0.1046875 0.603125 0.16484375 0.23671875
0 0.24765625 0.61015625 0.1328125 0.1765625
0 0.20546875 0.52734375 0.15078125 0.13984375
0 0.32578125 0.50390625 0.15703125 0.1765625
0 0.37734375 0.43359375 0.09921875 0.1046875
0 0.25625 0.4515625 0.1328125 0.13828125
0 0.4984375 0.48828125 0.175 0.15234375
0 0.51328125 0.4109375 0.14375 0.12734375
0 0.609375 0.41484375 0.09765625 0.10078125
0 0.60234375 0.503125 0.16484375 0.12109375
0 0.61015625 0.6109375 0.16640625 0.17109375
0 0.68359375 0.75546875 0.16640625 0.228125
0 0.64296875 0.37109375 0.071875 0.1125
0 0.53671875 0.353125 0.10390625 0.090625
0 0.4390625 0.33125 0.08828125 0.090625
0 0.34609375 0.34453125 0.06875 0.10625
0 0.390625 0.32734375 0.08828125 0.08828125
0 0.4078125 0.28359375 0.0734375 0.06875
0 0.4921875 0.2671875 0.09765625 0.03203125
0 0.68203125 0.32578125 0.0640625 0.0828125
0 0.6734375 0.28359375 0.04921875 0.05546875
0 0.5765625 0.28046875 0.05078125 0.0515625
0 0.596875 0.2328125 0.05703125 0.04609375
0 0.471875 0.19765625 0.04140625 0.03515625
0 0.46875 0.16171875 0.05078125 0.0515625
0 0.503125 0.15625 0.0203125 0.040625
0 0.5546875 0.14609375 0.03671875 0.03359375
0 0.55 0.109375 0.0171875 0.03359375
0 0.5734375 0.09921875 0.0109375 0.01875
0 0.65 0.21875 0.04765625 0.05390625
0 0.6875 0.22421875 0.04296875 0.0515625
0 0.6890625 0.1875 0.0625 0.0484375
0 0.60234375 0.21328125 0.065625 0.0375
0 0.4875 0.221875 0.078125 0.0296875