0 0.10390625 0.0859375 0.0921875 0.084375
0 0.20546875 0.1421875 0.08515625 0.11640625
0 0.11875 0.16015625 0.084375 0.0921875
0 0.215625 0.1828125 0.10859375 0.09453125
0 0.296875 0.225 0.07890625 0.1234375
0 0.32734375 0.26875 0.084375 0.13984375
0 0.33984375 0.12890625 0.05859375 0.13046875
0 0.36328125 0.16015625 0.07890625 0.1234375
0 0.39140625 0.21484375 0.10390625 0.15546875
0 0.39609375 0.3015625 0.11796875 0.125
0 0.36328125 0.37265625 0.1109375 0.13046875
0 0.2203125 0.24765625 0.0890625 0.0859375
0 0.1375 0.265625 0.09140625 0.1078125
0 0.10859375 0.21328125 0.07734375 0.06328125
0 0.1125 0.29296875 0.11328125 0.08203125
0 0.23984375 0.29609375 0.08046875 0.07578125
0 0.2375 0.3765625 0.109375 0.1109375
0 0.109375 0.35390625 0.08828125 0.09296875
0 0.11953125 0.45234375 0.11796875 0.1671875
0 0.2453125 0.45390625 0.10234375 0.1234375
0 0.415625 0.40859375 0.10234375 0.08203125
0 0.37265625 0.5140625 0.109375 0.15390625
0 0.46640625 0.478125 0.07734375 0.15234375
0 0.51796875 0.61171875 0.034375 0.0671875
0 0.45703125 0.628125 0.1375 0.16953125
0 0.2578125 0.5109375 0.11015625 0.121875
0 0.2796875 0.58828125 0.1109375 0.13515625
0 0.2515625 0.69765625 0.1171875 0.2046875
0 0.33125 0.775 0.0328125 0.090625
0 0.43515625 0.82421875 0.13359375 0.178125
0 0.47578125 0.9234375 0.1109375 0.153125
0 0.5203125 0.7625 0.11015625 0.2015625
0 0.10546875 0.56484375 0.10234375 0.15546875
0 0.10859375 0.64140625 0.11953125 0.14921875
0 0.1 0.78359375 0.15703125 0.1796875
0 0.0890625 0.9015625 0.13125 0.19453125
0 0.275 0.87890625 0.13828125 0.184375
0 0.7859375 0.3609375 0.0984375 0.165625
0 0.91015625 0.440625 0.1515625 0.178125
0 0.965625 0.6125 0.06875 0.178125
0 0.71171875 0.26328125 0.07265625 0.0859375
0 0.85390625 0.1546875 0.07734375 0.090625
0 0.94140625 0.1953125 0.10078125 0.165625
0 0.925 0.075 0.08125 0.103125
0 0.590625 0.06171875 0.07578125 0.0921875
0 0.971875 0.2171875 0.05625 0.10625
0 0.1625 0.0328125 0.01484375 0.05703125