0 0.3828125 0.265625 0.0484375 0.09921875
0 0.40546875 0.3421875 0.04765625 0.0671875
0 0.4828125 0.3421875 0.046875 0.053125
0 0.475 0.36875 0.0515625 0.071875
0 0.41328125 0.43203125 0.0609375 0.109375
0 0.425 0.36953125 0.04296875 0.07578125
0 0.32578125 0.51171875 0.025 0.065625
0 0.4296875 0.55703125 0.08515625 0.13671875
0 0.1890625 0.63203125 0.11875 0.1484375
0 0.24140625 0.77734375 0.1515625 0.1859375
0 0.11875 0.90546875 0.228125 0.18828125
0 0.05625 0.56875 0.1125 0.140625
0 0.06015625 0.47265625 0.09453125 0.1078125
0 0.15703125 0.46484375 0.0140625 0.0375
0 0.11171875 0.371875 0.05234375 0.06171875
0 0.1828125 0.34453125 0.04140625 0.05703125
0 0.2046875 0.3796875 0.05 0.0546875
0 0.24921875 0.37578125 0.021875 0.0328125
0 0.63984375 0.81328125 0.13828125 0.23046875
0 0.60078125 0.64921875 0.05546875 0.08359375
0 0.584375 0.40234375 0.05 0.10078125
0 0.61640625 0.3609375 0.0453125 0.07734375
0 0.54609375 0.33984375 0.034375 0.07578125
0 0.54765625 0.28203125 0.0328125 0.0671875
0 0.49609375 0.23671875 0.0234375 0.03984375
0 0.51640625 0.2296875 0.0328125 0.04296875
0 0.8890625 0.4796875 0.075 0.10234375
0 0.953125 0.4796875 0.0171875 0.04140625
0 0.83046875 0.41171875 0.025 0.05
0 0.76015625 0.340625 0.01875 0.034375
0 0.72578125 0.328125 0.03046875 0.046875
0 0.46015625 0.2640625 0.0234375 0.03984375
0 0.42578125 0.2984375 0.03046875 0.04140625
0 0.453125 0.20859375 0.021875 0.03203125
0 0.48125 0.2046875 0.02109375 0.02421875
0 0.4 0.228125 0.03046875 0.05625
0 0.43046875 0.221875 0.02265625 0.03828125
0 0.4359375 0.2421875 0.021875 0.03671875
0 0.30390625 0.2484375 0.0203125 0.028125
0 0.2515625 0.2328125 0.0203125 0.028125
0 0.3 0.265625 0.02578125 0.0296875
0 0.22421875 0.3328125 0.0125 0.02265625
0 0.2640625 0.30703125 0.0109375 0.02265625
0 0.275 0.29375 0.0125 0.02109375