0 0.3421875 0.50703125 0.240625 0.6328125
0 0.484375 0.82265625 0.08125 0.15546875
0 0.46171875 0.42578125 0.06953125 0.1984375
0 0.47578125 0.19453125 0.18515625 0.32578125
0 0.578125 0.284375 0.075 0.15859375
0 0.83671875 0.19296875 0.17109375 0.29140625
0 0.93671875 0.2078125 0.075 0.1703125
0 0.75546875 0.584375 0.4234375 0.6265625
0 0.69296875 0.84921875 0.1828125 0.3015625
0 0.35546875 0.87890625 0.1890625 0.2421875
0 0.1140625 0.7140625 0.14453125 0.34609375
0 0.04921875 0.48046875 0.09765625 0.25625
0 0.1 0.44375 0.02890625 0.1203125
0 0.1671875 0.4890625 0.11484375 0.2390625
0 0.0890625 0.34921875 0.08515625 0.1171875
0 0.12421875 0.2515625 0.0796875 0.1515625
0 0.20625 0.340625 0.07734375 0.134375
0 0.22421875 0.2625 0.0578125 0.0671875
0 0.1828125 0.26015625 0.0109375 0.04296875
0 0.03828125 0.23828125 0.0765625 0.1765625
0 0.07265625 0.18515625 0.08671875 0.1125
0 0.09921875 0.13515625 0.06640625 0.084375
0 0.12890625 0.09609375 0.0640625 0.08984375
0 0.15 0.05625 0.078125 0.1125
0 0.1984375 0.10703125 0.06953125 0.09140625
0 0.22578125 0.0640625 0.0453125 0.07734375
0 0.246875 0.11875 0.05625 0.06015625
0 0.31328125 0.0765625 0.05 0.07578125
0 0.3 0.159375 0.03125 0.08125
0 0.30859375 0.190625 0.0328125 0.065625
0 0.3921875 0.07734375 0.0671875 0.08828125
0 0.73984375 0.09609375 0.05859375 0.14140625