0 0.496875 0.465625 0.19609375 0.35234375
0 0.4765625 0.71171875 0.1109375 0.18984375
0 0.6140625 0.9015625 0.1875 0.196875
0 0.11484375 0.83984375 0.053125 0.10703125
0 0.0328125 0.890625 0.04453125 0.1015625
0 0.1296875 0.7109375 0.0453125 0.0890625
0 0.2671875 0.2265625 0.07421875 0.09453125
0 0.471875 0.159375 0.0796875 0.14296875
0 0.428125 0.2265625 0.04609375 0.07265625
0 0.46484375 0.25390625 0.03671875 0.06953125
0 0.50625 0.26875 0.0453125 0.0640625
0 0.53671875 0.30078125 0.04765625 0.0890625
0 0.52578125 0.228125 0.05 0.09765625
0 0.565625 0.21328125 0.0515625 0.08203125
0 0.6609375 0.40078125 0.10390625 0.15703125
0 0.6859375 0.5890625 0.109375 0.19921875
0 0.875 0.5328125 0.19375 0.14296875
0 0.84453125 0.4109375 0.1734375 0.121875
0 0.90390625 0.85546875 0.19140625 0.2890625
0 0.8078125 0.30703125 0.14609375 0.1046875
0 0.57578125 0.146875 0.06484375 0.06171875
0 0.39453125 0.053125 0.04921875 0.07578125
0 0.2296875 0.15703125 0.0453125 0.0578125
0 0.075 0.26953125 0.140625 0.0875
0 0.06640625 0.21171875 0.11953125 0.0875
0 0.15625 0.178125 0.10234375 0.0640625
0 0.425 0.15859375 0.02265625 0.05078125
0 0.39921875 0.24375 0.0359375 0.08515625
0 0.40625 0.39765625 0.04375 0.10703125
0 0.55 0.12109375 0.04453125 0.03515625
0 0.45703125 0.0609375 0.03046875 0.0421875
0 0.51796875 0.09609375 0.0375 0.0578125