0 0.128125 0.78984375 0.146875 0.4203125
0 0.3234375 0.69296875 0.10546875 0.2859375
0 0.45546875 0.796875 0.12109375 0.40625
0 0.55703125 0.73359375 0.09140625 0.365625
0 0.765625 0.76484375 0.11875 0.359375
0 0.8484375 0.60390625 0.13046875 0.30859375
0 0.65234375 0.690625 0.06015625 0.17109375
0 0.9 0.40390625 0.16328125 0.175
0 0.678125 0.43671875 0.09609375 0.1625
0 0.5859375 0.41015625 0.10234375 0.17109375
0 0.4515625 0.40234375 0.10703125 0.20078125
0 0.375 0.4203125 0.08515625 0.13125
0 0.5703125 0.24140625 0.071875 0.09765625