0 0.08984375 0.0546875 0.1125 0.10859375
0 0.14296875 0.1125 0.1171875 0.16875
0 0.34296875 0.128125 0.11796875 0.13203125
0 0.36875 0.0359375 0.0671875 0.071875
0 0.425 0.0546875 0.11953125 0.10859375
0 0.47265625 0.0765625 0.11171875 0.15
0 0.5375 0.1421875 0.1203125 0.1703125
0 0.5109375 0.2484375 0.14296875 0.2296875
0 0.3625 0.2375 0.14453125 0.14609375
0 0.159375 0.28671875 0.16484375 0.18125
0 0.21796875 0.528125 0.1921875 0.23828125
0 0.40390625 0.440625 0.1671875 0.26640625
0 0.67421875 0.378125 0.18359375 0.22734375
0 0.5984375 0.6390625 0.24609375 0.21015625
0 0.71328125 0.84609375 0.2296875 0.30546875
0 0.91875 0.85625 0.1625 0.284375
0 0.4359375 0.8078125 0.18125 0.35078125
0 0.15859375 0.8 0.28828125 0.4
0 0.28203125 0.05546875 0.09453125 0.1078125