0 0.2765625 0.77265625 0.278125 0.41171875
0 0.09453125 0.5515625 0.08359375 0.3234375
0 0.3734375 0.56640625 0.2390625 0.31484375
0 0.8375 0.76171875 0.325 0.4765625
0 0.6515625 0.4828125 0.17890625 0.284375
0 0.45859375 0.27421875 0.06328125 0.12734375
0 0.20859375 0.3671875 0.0734375 0.16796875
0 0.05 0.2421875 0.09921875 0.1046875
0 0.2484375 0.28671875 0.053125 0.14765625
0 0.74453125 0.17421875 0.1296875 0.13828125
0 0.82109375 0.13203125 0.078125 0.0859375
0 0.88828125 0.2296875 0.14765625 0.18515625