0 0.2640625 0.16875 0.06171875 0.11484375
0 0.3 0.0890625 0.06171875 0.0921875
0 0.2203125 0.34765625 0.08671875 0.16953125
0 0.24375 0.4484375 0.1109375 0.24921875
0 0.33203125 0.63046875 0.1484375 0.23515625
0 0.26171875 0.81328125 0.15546875 0.37265625
0 0.50390625 0.72421875 0.16953125 0.26015625
0 0.59609375 0.8890625 0.2703125 0.221875
0 0.4390625 0.56875 0.13515625 0.2578125
0 0.40078125 0.43984375 0.0828125 0.1765625
0 0.33515625 0.38046875 0.09296875 0.1578125
0 0.34609375 0.30390625 0.10390625 0.14453125
0 0.42890625 0.15625 0.17578125 0.303125
0 0.49609375 0.36171875 0.10390625 0.196875
0 0.69453125 0.5 0.34453125 0.5640625
0 0.06953125 0.20234375 0.1140625 0.16015625
0 0.16484375 0.103125 0.06171875 0.11953125
0 0.0421875 0.09296875 0.07421875 0.0859375