0 0.19296875 0.65078125 0.09921875 0.16796875
0 0.13125 0.56328125 0.11953125 0.134375
0 0.30625 0.4921875 0.0828125 0.08984375
0 0.278125 0.60546875 0.015625 0.06875
0 0.31953125 0.575 0.034375 0.0609375
0 0.28828125 0.68515625 0.0296875 0.0625
0 0.29609375 0.73359375 0.0234375 0.04296875
0 0.371875 0.6265625 0.0734375 0.12890625
0 0.375 0.515625 0.08671875 0.1703125
0 0.41953125 0.47734375 0.02421875 0.05234375
0 0.35078125 0.47734375 0.025 0.0359375
0 0.38984375 0.4203125 0.05546875 0.09296875
0 0.44375 0.428125 0.059375 0.0953125
0 0.40078125 0.37421875 0.0390625 0.06484375
0 0.54453125 0.578125 0.01640625 0.034375
0 0.55078125 0.6609375 0.02109375 0.06328125
0 0.56953125 0.85234375 0.040625 0.09375
0 0.6125 0.7765625 0.0625 0.19296875
0 0.67578125 0.83671875 0.0203125 0.10390625
0 0.696875 0.7953125 0.0359375 0.084375
0 0.73671875 0.8515625 0.03515625 0.10546875
0 0.80078125 0.8078125 0.13359375 0.259375
0 0.80234375 0.63359375 0.08203125 0.159375
0 0.77734375 0.57578125 0.0984375 0.15625
0 0.69609375 0.4265625 0.07421875 0.11640625
0 0.646875 0.553125 0.025 0.0625
0 0.58125 0.4265625 0.02109375 0.02890625
0 0.5390625 0.35390625 0.03203125 0.075
0 0.5625 0.32890625 0.0234375 0.0578125
0 0.60078125 0.33671875 0.0296875 0.05625
0 0.61953125 0.33359375 0.0109375 0.03125
0 0.65390625 0.3484375 0.021875 0.0328125
0 0.44375 0.42421875 0.04609375 0.07578125
0 0.325 0.9140625 0.096875 0.171875
0 0.18125 0.834375 0.10546875 0.2109375